LOC LOSS
tensor(nan, device='cuda:0', grad_fn=<L1LossBackward>)
CONF LOSS ALL
tensor([[3.4564, 1.5734, 2.6614,  ..., 3.0434, 3.0461, 3.0453],
        [4.5066, 2.7252, 2.6302,  ..., 3.0439, 3.0464, 3.0452],
        [4.0899, 2.6952, 2.6949,  ..., 3.0442, 3.0462, 3.0450],
        ...,
        [3.5644, 3.2829, 1.8048,  ..., 3.0436, 3.0466, 3.0452],
        [4.7525, 3.0244, 3.1759,  ..., 3.0439, 3.0460, 3.0439],
        [3.3234, 3.1290, 3.9498,  ..., 3.0442, 3.0465, 3.0454]],
       device='cuda:0', grad_fn=<ViewBackward>)
CONF LOSS POS
tensor([3.4564, 4.5066, 4.0899, 4.3179, 3.6564, 4.3067, 5.4813, 4.6588, 3.2913,
        4.6907, 3.9626, 3.1323, 3.1888, 3.1904, 3.1759, 3.2978, 3.1592, 3.1307,
        3.1857, 3.1464, 3.1772, 3.1638, 3.2638, 3.0701, 3.0958, 3.0591, 3.1460,
        3.1554, 3.0906, 3.0377, 3.0413, 3.0209, 3.0345, 3.0717, 3.0539, 3.0161,
        3.0690, 3.0486, 2.8664, 4.4892, 3.0212, 2.6530, 3.7122, 5.1057, 3.7088,
        3.9065, 4.3210, 3.0055, 3.0111, 3.0534, 3.0058, 2.9236, 3.0605, 3.0133,
        2.9139, 2.9553, 2.9234, 2.9657, 2.9528, 2.9515, 3.0603, 2.9442, 2.9067,
        3.0271, 3.0087, 2.9383, 2.9910, 2.9251, 2.4138, 3.3341, 2.5902, 3.5644,
        4.7525, 3.3234], device='cuda:0', grad_fn=<IndexBackward>)
CONF LOSS HARD NEG
tensor([9.3833, 8.1740, 7.8818, 7.2781, 7.1926, 7.1398, 8.2520, 7.8654, 7.7614,
        8.0558, 8.0514, 7.9088, 7.9831, 6.7850, 6.7201, 6.6885, 6.6695, 6.6390,
        6.6164, 6.6082, 6.5472, 6.4864, 6.4863, 6.4794, 6.4755, 6.4204, 6.4191,
        6.4035, 6.4006, 6.3700, 6.3631, 6.3575, 6.3071, 6.3062, 6.2960, 6.2713,
        6.2556, 6.2370, 6.2320, 6.2123, 6.1880, 6.1821, 6.1790, 6.1781, 6.1676,
        6.1673, 6.1660, 6.1609, 6.1591, 6.1546, 6.1507, 6.1498, 6.1442, 6.1081,
        6.1053, 6.1013, 6.1006, 6.0995, 6.0989, 6.0899, 6.0881, 6.0880, 6.0825,
        6.0800, 6.0756, 6.0651, 6.0634, 6.0603, 6.0586, 6.0553, 6.0488, 6.0417,
        6.0416, 6.0292, 6.0178, 6.0169, 6.0143, 5.9998, 5.9976, 5.9953, 5.9920,
        5.9864, 5.9847, 5.9815, 5.9673, 5.9582, 5.9566, 5.9523, 5.9495, 5.9478,
        5.9325, 5.9262, 5.9237, 5.9226, 5.9194, 5.9167, 5.9113, 5.9075, 5.9065,
        5.9062, 5.9051, 5.8997, 5.8957, 5.8930, 5.8844, 5.8819, 5.8774, 5.8720,
        5.8686, 5.8609, 5.8578, 5.8545, 5.8429, 5.8394, 7.8429, 7.7171, 7.4262,
        8.0231, 7.7759, 7.5579, 6.9238, 6.9197, 6.7935, 7.4786, 7.3809, 7.2987,
        7.0001, 6.9300, 6.9240, 6.9079, 6.8201, 6.7511, 6.7287, 6.7116, 6.7018,
        6.6886, 6.6863, 6.6456, 6.6311, 6.6017, 6.5980, 6.5856, 6.5793, 6.5770,
        6.5618, 6.5614, 6.5486, 6.5372, 6.5283, 6.5156, 6.5145, 6.4948, 6.4938,
        6.4921, 6.4823, 6.4822, 6.4666, 6.4574, 6.4541, 6.4498, 6.4378, 6.4367,
        6.4356, 6.4119, 6.4111, 6.3983, 6.3667, 6.3562, 6.2839, 6.2755, 6.2667,
        6.2590, 6.2571, 6.2504, 6.2499, 6.2428, 6.2377, 6.2110, 6.1997, 6.1880,
        6.1824, 6.1762, 6.1640, 6.1602, 6.1451, 6.1225, 6.1218, 6.0990, 6.0821,
        6.0802, 6.0555, 6.0519, 6.0413, 6.0403, 6.0302, 6.0279, 6.0235, 6.0160,
        6.0112, 5.9854, 5.9813, 5.9635, 5.9499, 5.9350, 7.4571, 7.3273, 7.2235,
        7.4815, 7.0608, 7.0212, 6.9857, 6.9574, 6.9000, 8.1446, 7.8289, 7.7452,
        7.5742, 6.9291, 6.8329, 8.8130, 7.7053, 7.4935], device='cuda:0',
       grad_fn=<IndexBackward>)
TRUE LOCS
tensor([[[-11.5463, -20.5077,      nan,      nan],
         [ -8.1645, -14.5011,      nan,      nan],
         [ -8.1645, -29.0023,      nan,      nan],
         ...,
         [ -6.0231,  -6.9192,      nan,      nan],
         [ -6.0231, -10.8725,      nan,      nan],
         [ -9.4643,  -6.9192,      nan,      nan]],

        [[ 53.4045,  24.0633,  10.7799,      nan],
         [ 37.7627,  17.0153,   9.0470,      nan],
         [ 37.7627,  34.0307,   9.0470,      nan],
         ...,
         [  0.4720,  -2.4621,  -0.7330,      nan],
         [  0.4720,  -3.8688,  -0.7330,      nan],
         [  0.7417,  -2.4621,   1.5267,      nan]],

        [[ 44.0264,  22.5214,   6.8981,      nan],
         [ 31.1314,  15.9250,   5.1652,      nan],
         [ 31.1314,  31.8501,   5.1652,      nan],
         ...,
         [ -0.4658,  -2.6163,  -4.6148,      nan],
         [ -0.4658,  -4.1111,  -4.6148,      nan],
         [ -0.7319,  -2.6163,  -2.3552,      nan]],

        ...,

        [[ -1.2156,  -1.3158,      nan,     -inf],
         [ -0.8596,  -0.9304,      nan,     -inf],
         [ -0.8596,  -1.8608,      nan,     -inf],
         ...,
         [ -4.9900,  -5.0000,      nan,     -inf],
         [ -4.9900,  -7.8567,      nan,     -inf],
         [ -7.8410,  -5.0000,      nan,     -inf]],

        [[131.1283, -30.8332,  10.5057,      nan],
         [ 92.7217, -21.8024,   8.7729,      nan],
         [ 92.7217, -43.6048,   8.7729,      nan],
         ...,
         [  8.2444,  -7.9517,  -1.0072,      nan],
         [  8.2444, -12.4950,  -1.0072,      nan],
         [ 12.9548,  -7.9517,   1.2525,      nan]],

        [[122.9266, -13.7377,  10.6315,      nan],
         [ 86.9223,  -9.7140,   8.8987,      nan],
         [ 86.9223, -19.4280,   8.8987,      nan],
         ...,
         [  7.4242,  -6.2422,  -0.8814,      nan],
         [  7.4242,  -9.8087,  -0.8814,      nan],
         [ 11.6661,  -6.2422,   1.3783,      nan]]], device='cuda:0')
LOC LOSS
tensor(nan, device='cuda:0', grad_fn=<L1LossBackward>)
CONF LOSS ALL
tensor([[3.0618, 2.9827, 3.3804,  ..., 3.0435, 3.0444, 3.0442],
        [2.7430, 2.0781, 3.5971,  ..., 3.0439, 3.0436, 3.0447],
        [2.6179, 3.2811, 2.6447,  ..., 3.0432, 3.0443, 3.0437],
        ...,
        [3.0036, 2.9827, 3.3804,  ..., 3.0438, 3.0439, 3.0446],
        [3.0165, 3.1184, 4.1511,  ..., 3.0444, 3.0445, 3.0445],
        [2.3672, 2.5426, 4.0055,  ..., 3.0429, 3.0452, 3.0446]],
       device='cuda:0', grad_fn=<ViewBackward>)
CONF LOSS POS
tensor([3.0618], device='cuda:0', grad_fn=<IndexBackward>)
CONF LOSS HARD NEG
tensor([7.4849, 7.2490, 7.0755], device='cuda:0', grad_fn=<IndexBackward>)
TRUE LOCS
tensor([[[81.9884, 18.3323,  9.8358,     nan],
         [57.9746, 12.9629,  8.1029,     nan],
         [57.9746, 25.9258,  8.1029,     nan],
         ...,
         [ 3.3304, -3.0352, -1.6771,     nan],
         [ 3.3304, -4.7693, -1.6771,     nan],
         [ 5.2332, -3.0352,  0.5826,     nan]],

        [[ 0.0000,  0.0000,  0.0000,  0.0000],
         [ 0.0000,  0.0000,  0.0000,  0.0000],
         [ 0.0000,  0.0000,  0.0000,  0.0000],
         ...,
         [ 0.0000,  0.0000,  0.0000,  0.0000],
         [ 0.0000,  0.0000,  0.0000,  0.0000],
         [ 0.0000,  0.0000,  0.0000,  0.0000]],

        [[ 0.0000,  0.0000,  0.0000,  0.0000],
         [ 0.0000,  0.0000,  0.0000,  0.0000],
         [ 0.0000,  0.0000,  0.0000,  0.0000],
         ...,
         [ 0.0000,  0.0000,  0.0000,  0.0000],
         [ 0.0000,  0.0000,  0.0000,  0.0000],
         [ 0.0000,  0.0000,  0.0000,  0.0000]],

        ...,

        [[ 0.0000,  0.0000,  0.0000,  0.0000],
         [ 0.0000,  0.0000,  0.0000,  0.0000],
         [ 0.0000,  0.0000,  0.0000,  0.0000],
         ...,
         [ 0.0000,  0.0000,  0.0000,  0.0000],
         [ 0.0000,  0.0000,  0.0000,  0.0000],
         [ 0.0000,  0.0000,  0.0000,  0.0000]],

        [[ 0.0000,  0.0000,  0.0000,  0.0000],
         [ 0.0000,  0.0000,  0.0000,  0.0000],
         [ 0.0000,  0.0000,  0.0000,  0.0000],
         ...,
         [ 0.0000,  0.0000,  0.0000,  0.0000],
         [ 0.0000,  0.0000,  0.0000,  0.0000],
         [ 0.0000,  0.0000,  0.0000,  0.0000]],

        [[ 0.0000,  0.0000,  0.0000,  0.0000],
         [ 0.0000,  0.0000,  0.0000,  0.0000],
         [ 0.0000,  0.0000,  0.0000,  0.0000],
         ...,
         [ 0.0000,  0.0000,  0.0000,  0.0000],
         [ 0.0000,  0.0000,  0.0000,  0.0000],
         [ 0.0000,  0.0000,  0.0000,  0.0000]]], device='cuda:0')
LOC LOSS
tensor(nan, device='cuda:0', grad_fn=<L1LossBackward>)
CONF LOSS ALL
tensor([[3.2808, 2.9827, 3.3804,  ..., 3.0435, 3.0446, 3.0446],
        [3.5695, 2.4385, 3.8418,  ..., 3.0443, 3.0443, 3.0443],
        [3.0036, 2.9827, 3.3804,  ..., 3.0438, 3.0447, 3.0443],
        ...,
        [3.3382, 2.3729, 3.7943,  ..., 3.0458, 3.0445, 3.0451],
        [3.9897, 3.6247, 3.7122,  ..., 3.0443, 3.0437, 3.0440],
        [2.4799, 3.2573, 3.7351,  ..., 3.0443, 3.0446, 3.0443]],
       device='cuda:0', grad_fn=<ViewBackward>)
CONF LOSS POS
tensor([3.2808], device='cuda:0', grad_fn=<IndexBackward>)
CONF LOSS HARD NEG
tensor([7.4536, 7.3920, 7.0036], device='cuda:0', grad_fn=<IndexBackward>)
TRUE LOCS
tensor([[[66.5559, 50.9778,     nan,  6.2878],
         [47.0621, 36.0467,     nan,  4.5549],
         [47.0621, 72.0935,     nan,  8.0207],
         ...,
         [ 1.7872,  0.2294,     nan, -5.2251],
         [ 1.7872,  0.3604,     nan, -2.9655],
         [ 2.8083,  0.2294,     nan, -5.2251]],

        [[ 0.0000,  0.0000,  0.0000,  0.0000],
         [ 0.0000,  0.0000,  0.0000,  0.0000],
         [ 0.0000,  0.0000,  0.0000,  0.0000],
         ...,
         [ 0.0000,  0.0000,  0.0000,  0.0000],
         [ 0.0000,  0.0000,  0.0000,  0.0000],
         [ 0.0000,  0.0000,  0.0000,  0.0000]],

        [[ 0.0000,  0.0000,  0.0000,  0.0000],
         [ 0.0000,  0.0000,  0.0000,  0.0000],
         [ 0.0000,  0.0000,  0.0000,  0.0000],
         ...,
         [ 0.0000,  0.0000,  0.0000,  0.0000],
         [ 0.0000,  0.0000,  0.0000,  0.0000],
         [ 0.0000,  0.0000,  0.0000,  0.0000]],

        ...,

        [[ 0.0000,  0.0000,  0.0000,  0.0000],
         [ 0.0000,  0.0000,  0.0000,  0.0000],
         [ 0.0000,  0.0000,  0.0000,  0.0000],
         ...,
         [ 0.0000,  0.0000,  0.0000,  0.0000],
         [ 0.0000,  0.0000,  0.0000,  0.0000],
         [ 0.0000,  0.0000,  0.0000,  0.0000]],

        [[ 0.0000,  0.0000,  0.0000,  0.0000],
         [ 0.0000,  0.0000,  0.0000,  0.0000],
         [ 0.0000,  0.0000,  0.0000,  0.0000],
         ...,
         [ 0.0000,  0.0000,  0.0000,  0.0000],
         [ 0.0000,  0.0000,  0.0000,  0.0000],
         [ 0.0000,  0.0000,  0.0000,  0.0000]],

        [[ 0.0000,  0.0000,  0.0000,  0.0000],
         [ 0.0000,  0.0000,  0.0000,  0.0000],
         [ 0.0000,  0.0000,  0.0000,  0.0000],
         ...,
         [ 0.0000,  0.0000,  0.0000,  0.0000],
         [ 0.0000,  0.0000,  0.0000,  0.0000],
         [ 0.0000,  0.0000,  0.0000,  0.0000]]], device='cuda:0')
LOC LOSS
tensor(nan, device='cuda:0', grad_fn=<L1LossBackward>)
CONF LOSS ALL
tensor([[2.9295, 2.8097, 3.1048,  ..., 3.0428, 3.0449, 3.0447],
        [4.3482, 2.8283, 3.0813,  ..., 3.0405, 3.0445, 3.0447],
        [2.8419, 3.1597, 4.1196,  ..., 3.0428, 3.0454, 3.0439],
        ...,
        [3.8259, 2.8529, 2.9618,  ..., 3.0425, 3.0446, 3.0449],
        [2.9295, 2.8097, 3.1048,  ..., 3.0425, 3.0453, 3.0447],
        [2.9113, 3.5240, 3.1714,  ..., 3.0420, 3.0448, 3.0443]],
       device='cuda:0', grad_fn=<ViewBackward>)
CONF LOSS POS
tensor([2.9782, 2.9994, 2.9136, 4.3482], device='cuda:0',
       grad_fn=<IndexBackward>)
CONF LOSS HARD NEG
tensor([7.3191, 7.1833, 7.1285, 7.1150, 6.9360, 6.8262, 6.7350, 6.7204, 6.6968,
        7.3173, 6.8735, 6.8610], device='cuda:0', grad_fn=<IndexBackward>)
TRUE LOCS
tensor([[[ 42.7141,  57.1050,   7.4769,  -2.6780],
         [ 30.2034,  40.3793,   5.7440,  -4.4109],
         [ 30.2034,  80.7586,   5.7440,  -0.9452],
         ...,
         [  0.3483,   0.7565,  -4.2837, -12.8358],
         [  0.3483,   1.1887,  -4.2837, -10.5761],
         [  0.5472,   0.7565,  -2.0240, -12.8358]],

        [[ 82.4228,  -1.3158,      nan,     -inf],
         [ 58.2817,  -0.9304,      nan,     -inf],
         [ 58.2817,  -1.8608,      nan,     -inf],
         ...,
         [  3.3739,  -5.0000,      nan,     -inf],
         [  3.3739,  -7.8567,      nan,     -inf],
         [  5.3015,  -5.0000,      nan,     -inf]],

        [[  0.0000,   0.0000,   0.0000,   0.0000],
         [  0.0000,   0.0000,   0.0000,   0.0000],
         [  0.0000,   0.0000,   0.0000,   0.0000],
         ...,
         [  0.0000,   0.0000,   0.0000,   0.0000],
         [  0.0000,   0.0000,   0.0000,   0.0000],
         [  0.0000,   0.0000,   0.0000,   0.0000]],

        ...,

        [[  0.0000,   0.0000,   0.0000,   0.0000],
         [  0.0000,   0.0000,   0.0000,   0.0000],
         [  0.0000,   0.0000,   0.0000,   0.0000],
         ...,
         [  0.0000,   0.0000,   0.0000,   0.0000],
         [  0.0000,   0.0000,   0.0000,   0.0000],
         [  0.0000,   0.0000,   0.0000,   0.0000]],

        [[  0.0000,   0.0000,   0.0000,   0.0000],
         [  0.0000,   0.0000,   0.0000,   0.0000],
         [  0.0000,   0.0000,   0.0000,   0.0000],
         ...,
         [  0.0000,   0.0000,   0.0000,   0.0000],
         [  0.0000,   0.0000,   0.0000,   0.0000],
         [  0.0000,   0.0000,   0.0000,   0.0000]],

        [[  0.0000,   0.0000,   0.0000,   0.0000],
         [  0.0000,   0.0000,   0.0000,   0.0000],
         [  0.0000,   0.0000,   0.0000,   0.0000],
         ...,
         [  0.0000,   0.0000,   0.0000,   0.0000],
         [  0.0000,   0.0000,   0.0000,   0.0000],
         [  0.0000,   0.0000,   0.0000,   0.0000]]], device='cuda:0')
LOC LOSS
tensor(nan, device='cuda:0', grad_fn=<L1LossBackward>)
CONF LOSS ALL
tensor([[2.5335, 2.5501, 2.3361,  ..., 3.0453, 3.0458, 3.0433],
        [4.8320, 3.3323, 2.8195,  ..., 3.0454, 3.0457, 3.0430],
        [4.8320, 3.3323, 2.8195,  ..., 3.0445, 3.0455, 3.0438],
        ...,
        [2.5690, 4.4342, 2.7164,  ..., 3.0444, 3.0462, 3.0434],
        [2.6342, 3.2332, 3.4880,  ..., 3.0458, 3.0452, 3.0430],
        [2.6950, 3.4460, 3.3897,  ..., 3.0456, 3.0472, 3.0432]],
       device='cuda:0', grad_fn=<ViewBackward>)
CONF LOSS POS
tensor([2.5335], device='cuda:0', grad_fn=<IndexBackward>)
CONF LOSS HARD NEG
tensor([7.7790, 7.7674, 7.4290], device='cuda:0', grad_fn=<IndexBackward>)
TRUE LOCS
tensor([[[23.1908,  7.0858,     nan,     nan],
         [16.3984,  5.0105,     nan,     nan],
         [16.3984, 10.0209,     nan,     nan],
         ...,
         [-2.5493, -4.1598,     nan,     nan],
         [-2.5493, -6.5366,     nan,     nan],
         [-4.0059, -4.1598,     nan,     nan]],

        [[ 0.0000,  0.0000,  0.0000,  0.0000],
         [ 0.0000,  0.0000,  0.0000,  0.0000],
         [ 0.0000,  0.0000,  0.0000,  0.0000],
         ...,
         [ 0.0000,  0.0000,  0.0000,  0.0000],
         [ 0.0000,  0.0000,  0.0000,  0.0000],
         [ 0.0000,  0.0000,  0.0000,  0.0000]],

        [[ 0.0000,  0.0000,  0.0000,  0.0000],
         [ 0.0000,  0.0000,  0.0000,  0.0000],
         [ 0.0000,  0.0000,  0.0000,  0.0000],
         ...,
         [ 0.0000,  0.0000,  0.0000,  0.0000],
         [ 0.0000,  0.0000,  0.0000,  0.0000],
         [ 0.0000,  0.0000,  0.0000,  0.0000]],

        ...,

        [[ 0.0000,  0.0000,  0.0000,  0.0000],
         [ 0.0000,  0.0000,  0.0000,  0.0000],
         [ 0.0000,  0.0000,  0.0000,  0.0000],
         ...,
         [ 0.0000,  0.0000,  0.0000,  0.0000],
         [ 0.0000,  0.0000,  0.0000,  0.0000],
         [ 0.0000,  0.0000,  0.0000,  0.0000]],

        [[ 0.0000,  0.0000,  0.0000,  0.0000],
         [ 0.0000,  0.0000,  0.0000,  0.0000],
         [ 0.0000,  0.0000,  0.0000,  0.0000],
         ...,
         [ 0.0000,  0.0000,  0.0000,  0.0000],
         [ 0.0000,  0.0000,  0.0000,  0.0000],
         [ 0.0000,  0.0000,  0.0000,  0.0000]],

        [[ 0.0000,  0.0000,  0.0000,  0.0000],
         [ 0.0000,  0.0000,  0.0000,  0.0000],
         [ 0.0000,  0.0000,  0.0000,  0.0000],
         ...,
         [ 0.0000,  0.0000,  0.0000,  0.0000],
         [ 0.0000,  0.0000,  0.0000,  0.0000],
         [ 0.0000,  0.0000,  0.0000,  0.0000]]], device='cuda:0')
LOC LOSS
tensor(nan, device='cuda:0', grad_fn=<L1LossBackward>)
CONF LOSS ALL
tensor([[3.4564, 1.5734, 2.6614,  ..., 3.0434, 3.0461, 3.0453],
        [3.6859, 2.7252, 2.6302,  ..., 3.0439, 3.0464, 3.0452],
        [3.7303, 2.6952, 2.6949,  ..., 3.0442, 3.0462, 3.0450],
        ...,
        [2.5761, 3.2829, 1.8048,  ..., 3.0436, 3.0466, 3.0452],
        [3.1323, 3.0244, 3.1759,  ..., 3.0439, 3.0460, 3.0439],
        [3.7196, 3.1290, 3.9498,  ..., 3.0442, 3.0465, 3.0454]],
       device='cuda:0', grad_fn=<ViewBackward>)
CONF LOSS POS
tensor([3.4564], device='cuda:0', grad_fn=<IndexBackward>)
CONF LOSS HARD NEG
tensor([9.3833, 8.1740, 7.8818], device='cuda:0', grad_fn=<IndexBackward>)
TRUE LOCS
tensor([[[-11.5463, -20.5077,      nan,      nan],
         [ -8.1645, -14.5011,      nan,      nan],
         [ -8.1645, -29.0023,      nan,      nan],
         ...,
         [ -6.0231,  -6.9192,      nan,      nan],
         [ -6.0231, -10.8725,      nan,      nan],
         [ -9.4643,  -6.9192,      nan,      nan]],

        [[  0.0000,   0.0000,   0.0000,   0.0000],
         [  0.0000,   0.0000,   0.0000,   0.0000],
         [  0.0000,   0.0000,   0.0000,   0.0000],
         ...,
         [  0.0000,   0.0000,   0.0000,   0.0000],
         [  0.0000,   0.0000,   0.0000,   0.0000],
         [  0.0000,   0.0000,   0.0000,   0.0000]],

        [[  0.0000,   0.0000,   0.0000,   0.0000],
         [  0.0000,   0.0000,   0.0000,   0.0000],
         [  0.0000,   0.0000,   0.0000,   0.0000],
         ...,
         [  0.0000,   0.0000,   0.0000,   0.0000],
         [  0.0000,   0.0000,   0.0000,   0.0000],
         [  0.0000,   0.0000,   0.0000,   0.0000]],

        ...,

        [[  0.0000,   0.0000,   0.0000,   0.0000],
         [  0.0000,   0.0000,   0.0000,   0.0000],
         [  0.0000,   0.0000,   0.0000,   0.0000],
         ...,
         [  0.0000,   0.0000,   0.0000,   0.0000],
         [  0.0000,   0.0000,   0.0000,   0.0000],
         [  0.0000,   0.0000,   0.0000,   0.0000]],

        [[  0.0000,   0.0000,   0.0000,   0.0000],
         [  0.0000,   0.0000,   0.0000,   0.0000],
         [  0.0000,   0.0000,   0.0000,   0.0000],
         ...,
         [  0.0000,   0.0000,   0.0000,   0.0000],
         [  0.0000,   0.0000,   0.0000,   0.0000],
         [  0.0000,   0.0000,   0.0000,   0.0000]],

        [[  0.0000,   0.0000,   0.0000,   0.0000],
         [  0.0000,   0.0000,   0.0000,   0.0000],
         [  0.0000,   0.0000,   0.0000,   0.0000],
         ...,
         [  0.0000,   0.0000,   0.0000,   0.0000],
         [  0.0000,   0.0000,   0.0000,   0.0000],
         [  0.0000,   0.0000,   0.0000,   0.0000]]], device='cuda:0')
LOC LOSS
tensor(nan, device='cuda:0', grad_fn=<L1LossBackward>)
CONF LOSS ALL
tensor([[3.4564, 1.5734, 2.6614,  ..., 3.0434, 3.0461, 3.0453],
        [3.6859, 2.7252, 2.6302,  ..., 3.0439, 3.0464, 3.0452],
        [3.7303, 2.6952, 2.6949,  ..., 3.0442, 3.0462, 3.0450],
        ...,
        [2.5761, 3.2829, 1.8048,  ..., 3.0436, 3.0466, 3.0452],
        [3.1323, 3.0244, 3.1759,  ..., 3.0439, 3.0460, 3.0439],
        [3.7196, 3.1290, 3.9498,  ..., 3.0442, 3.0465, 3.0454]],
       device='cuda:0', grad_fn=<ViewBackward>)
CONF LOSS POS
tensor([3.4564], device='cuda:0', grad_fn=<IndexBackward>)
CONF LOSS HARD NEG
tensor([9.3833, 8.1740, 7.8818], device='cuda:0', grad_fn=<IndexBackward>)
TRUE LOCS
tensor([[[-11.5463, -20.5077,      nan,      nan],
         [ -8.1645, -14.5011,      nan,      nan],
         [ -8.1645, -29.0023,      nan,      nan],
         ...,
         [ -6.0231,  -6.9192,      nan,      nan],
         [ -6.0231, -10.8725,      nan,      nan],
         [ -9.4643,  -6.9192,      nan,      nan]],

        [[  0.0000,   0.0000,   0.0000,   0.0000],
         [  0.0000,   0.0000,   0.0000,   0.0000],
         [  0.0000,   0.0000,   0.0000,   0.0000],
         ...,
         [  0.0000,   0.0000,   0.0000,   0.0000],
         [  0.0000,   0.0000,   0.0000,   0.0000],
         [  0.0000,   0.0000,   0.0000,   0.0000]],

        [[  0.0000,   0.0000,   0.0000,   0.0000],
         [  0.0000,   0.0000,   0.0000,   0.0000],
         [  0.0000,   0.0000,   0.0000,   0.0000],
         ...,
         [  0.0000,   0.0000,   0.0000,   0.0000],
         [  0.0000,   0.0000,   0.0000,   0.0000],
         [  0.0000,   0.0000,   0.0000,   0.0000]],

        ...,

        [[  0.0000,   0.0000,   0.0000,   0.0000],
         [  0.0000,   0.0000,   0.0000,   0.0000],
         [  0.0000,   0.0000,   0.0000,   0.0000],
         ...,
         [  0.0000,   0.0000,   0.0000,   0.0000],
         [  0.0000,   0.0000,   0.0000,   0.0000],
         [  0.0000,   0.0000,   0.0000,   0.0000]],

        [[  0.0000,   0.0000,   0.0000,   0.0000],
         [  0.0000,   0.0000,   0.0000,   0.0000],
         [  0.0000,   0.0000,   0.0000,   0.0000],
         ...,
         [  0.0000,   0.0000,   0.0000,   0.0000],
         [  0.0000,   0.0000,   0.0000,   0.0000],
         [  0.0000,   0.0000,   0.0000,   0.0000]],

        [[  0.0000,   0.0000,   0.0000,   0.0000],
         [  0.0000,   0.0000,   0.0000,   0.0000],
         [  0.0000,   0.0000,   0.0000,   0.0000],
         ...,
         [  0.0000,   0.0000,   0.0000,   0.0000],
         [  0.0000,   0.0000,   0.0000,   0.0000],
         [  0.0000,   0.0000,   0.0000,   0.0000]]], device='cuda:0')
LOC LOSS
tensor(nan, device='cuda:0', grad_fn=<L1LossBackward>)
CONF LOSS ALL
tensor([[3.4564, 1.5734, 2.6614,  ..., 3.0434, 3.0461, 3.0453],
        [3.6859, 2.7252, 2.6302,  ..., 3.0439, 3.0464, 3.0452],
        [3.7303, 2.6952, 2.6949,  ..., 3.0442, 3.0462, 3.0450],
        ...,
        [2.5761, 3.2829, 1.8048,  ..., 3.0436, 3.0466, 3.0452],
        [3.1323, 3.0244, 3.1759,  ..., 3.0439, 3.0460, 3.0439],
        [3.7196, 3.1290, 3.9498,  ..., 3.0442, 3.0465, 3.0454]],
       device='cuda:0', grad_fn=<ViewBackward>)
CONF LOSS POS
tensor([3.4564], device='cuda:0', grad_fn=<IndexBackward>)
CONF LOSS HARD NEG
tensor([9.3833, 8.1740, 7.8818], device='cuda:0', grad_fn=<IndexBackward>)
TRUE LOCS
tensor([[[-11.5463, -20.5077,      nan,      nan],
         [ -8.1645, -14.5011,      nan,      nan],
         [ -8.1645, -29.0023,      nan,      nan],
         ...,
         [ -6.0231,  -6.9192,      nan,      nan],
         [ -6.0231, -10.8725,      nan,      nan],
         [ -9.4643,  -6.9192,      nan,      nan]],

        [[  0.0000,   0.0000,   0.0000,   0.0000],
         [  0.0000,   0.0000,   0.0000,   0.0000],
         [  0.0000,   0.0000,   0.0000,   0.0000],
         ...,
         [  0.0000,   0.0000,   0.0000,   0.0000],
         [  0.0000,   0.0000,   0.0000,   0.0000],
         [  0.0000,   0.0000,   0.0000,   0.0000]],

        [[  0.0000,   0.0000,   0.0000,   0.0000],
         [  0.0000,   0.0000,   0.0000,   0.0000],
         [  0.0000,   0.0000,   0.0000,   0.0000],
         ...,
         [  0.0000,   0.0000,   0.0000,   0.0000],
         [  0.0000,   0.0000,   0.0000,   0.0000],
         [  0.0000,   0.0000,   0.0000,   0.0000]],

        ...,

        [[  0.0000,   0.0000,   0.0000,   0.0000],
         [  0.0000,   0.0000,   0.0000,   0.0000],
         [  0.0000,   0.0000,   0.0000,   0.0000],
         ...,
         [  0.0000,   0.0000,   0.0000,   0.0000],
         [  0.0000,   0.0000,   0.0000,   0.0000],
         [  0.0000,   0.0000,   0.0000,   0.0000]],

        [[  0.0000,   0.0000,   0.0000,   0.0000],
         [  0.0000,   0.0000,   0.0000,   0.0000],
         [  0.0000,   0.0000,   0.0000,   0.0000],
         ...,
         [  0.0000,   0.0000,   0.0000,   0.0000],
         [  0.0000,   0.0000,   0.0000,   0.0000],
         [  0.0000,   0.0000,   0.0000,   0.0000]],

        [[  0.0000,   0.0000,   0.0000,   0.0000],
         [  0.0000,   0.0000,   0.0000,   0.0000],
         [  0.0000,   0.0000,   0.0000,   0.0000],
         ...,
         [  0.0000,   0.0000,   0.0000,   0.0000],
         [  0.0000,   0.0000,   0.0000,   0.0000],
         [  0.0000,   0.0000,   0.0000,   0.0000]]], device='cuda:0')
LOC LOSS
tensor(nan, device='cuda:0', grad_fn=<L1LossBackward>)
CONF LOSS ALL
tensor([[3.4564, 1.5734, 2.6614,  ..., 3.0434, 3.0461, 3.0453],
        [3.6859, 2.7252, 2.6302,  ..., 3.0439, 3.0464, 3.0452],
        [3.7303, 2.6952, 2.6949,  ..., 3.0442, 3.0462, 3.0450],
        ...,
        [2.5761, 3.2829, 1.8048,  ..., 3.0436, 3.0466, 3.0452],
        [3.1323, 3.0244, 3.1759,  ..., 3.0439, 3.0460, 3.0439],
        [3.7196, 3.1290, 3.9498,  ..., 3.0442, 3.0465, 3.0454]],
       device='cuda:0', grad_fn=<ViewBackward>)
CONF LOSS POS
tensor([3.4564], device='cuda:0', grad_fn=<IndexBackward>)
CONF LOSS HARD NEG
tensor([9.3833, 8.1740, 7.8818], device='cuda:0', grad_fn=<IndexBackward>)
TRUE LOCS
tensor([[[-11.5463, -20.5077,      nan,      nan],
         [ -8.1645, -14.5011,      nan,      nan],
         [ -8.1645, -29.0023,      nan,      nan],
         ...,
         [ -6.0231,  -6.9192,      nan,      nan],
         [ -6.0231, -10.8725,      nan,      nan],
         [ -9.4643,  -6.9192,      nan,      nan]],

        [[  0.0000,   0.0000,   0.0000,   0.0000],
         [  0.0000,   0.0000,   0.0000,   0.0000],
         [  0.0000,   0.0000,   0.0000,   0.0000],
         ...,
         [  0.0000,   0.0000,   0.0000,   0.0000],
         [  0.0000,   0.0000,   0.0000,   0.0000],
         [  0.0000,   0.0000,   0.0000,   0.0000]],

        [[  0.0000,   0.0000,   0.0000,   0.0000],
         [  0.0000,   0.0000,   0.0000,   0.0000],
         [  0.0000,   0.0000,   0.0000,   0.0000],
         ...,
         [  0.0000,   0.0000,   0.0000,   0.0000],
         [  0.0000,   0.0000,   0.0000,   0.0000],
         [  0.0000,   0.0000,   0.0000,   0.0000]],

        ...,

        [[  0.0000,   0.0000,   0.0000,   0.0000],
         [  0.0000,   0.0000,   0.0000,   0.0000],
         [  0.0000,   0.0000,   0.0000,   0.0000],
         ...,
         [  0.0000,   0.0000,   0.0000,   0.0000],
         [  0.0000,   0.0000,   0.0000,   0.0000],
         [  0.0000,   0.0000,   0.0000,   0.0000]],

        [[  0.0000,   0.0000,   0.0000,   0.0000],
         [  0.0000,   0.0000,   0.0000,   0.0000],
         [  0.0000,   0.0000,   0.0000,   0.0000],
         ...,
         [  0.0000,   0.0000,   0.0000,   0.0000],
         [  0.0000,   0.0000,   0.0000,   0.0000],
         [  0.0000,   0.0000,   0.0000,   0.0000]],

        [[  0.0000,   0.0000,   0.0000,   0.0000],
         [  0.0000,   0.0000,   0.0000,   0.0000],
         [  0.0000,   0.0000,   0.0000,   0.0000],
         ...,
         [  0.0000,   0.0000,   0.0000,   0.0000],
         [  0.0000,   0.0000,   0.0000,   0.0000],
         [  0.0000,   0.0000,   0.0000,   0.0000]]], device='cuda:0')
LOC LOSS
tensor(nan, device='cuda:0', grad_fn=<L1LossBackward>)
CONF LOSS ALL
tensor([[3.0618, 2.9827, 3.3804,  ..., 3.0435, 3.0444, 3.0442],
        [2.7430, 2.0781, 3.5971,  ..., 3.0439, 3.0436, 3.0447],
        [2.6179, 3.2811, 2.6447,  ..., 3.0432, 3.0443, 3.0437],
        ...,
        [3.0036, 2.9827, 3.3804,  ..., 3.0438, 3.0439, 3.0446],
        [3.0165, 3.1184, 4.1511,  ..., 3.0444, 3.0445, 3.0445],
        [2.3672, 2.5426, 4.0055,  ..., 3.0429, 3.0452, 3.0446]],
       device='cuda:0', grad_fn=<ViewBackward>)
CONF LOSS POS
tensor([3.0618], device='cuda:0', grad_fn=<IndexBackward>)
CONF LOSS HARD NEG
tensor([7.4849, 7.2490, 7.0755], device='cuda:0', grad_fn=<IndexBackward>)
TRUE LOCS
tensor([[[81.9884, 18.3323,  9.8358,     nan],
         [57.9746, 12.9629,  8.1029,     nan],
         [57.9746, 25.9258,  8.1029,     nan],
         ...,
         [ 3.3304, -3.0352, -1.6771,     nan],
         [ 3.3304, -4.7693, -1.6771,     nan],
         [ 5.2332, -3.0352,  0.5826,     nan]],

        [[ 0.0000,  0.0000,  0.0000,  0.0000],
         [ 0.0000,  0.0000,  0.0000,  0.0000],
         [ 0.0000,  0.0000,  0.0000,  0.0000],
         ...,
         [ 0.0000,  0.0000,  0.0000,  0.0000],
         [ 0.0000,  0.0000,  0.0000,  0.0000],
         [ 0.0000,  0.0000,  0.0000,  0.0000]],

        [[ 0.0000,  0.0000,  0.0000,  0.0000],
         [ 0.0000,  0.0000,  0.0000,  0.0000],
         [ 0.0000,  0.0000,  0.0000,  0.0000],
         ...,
         [ 0.0000,  0.0000,  0.0000,  0.0000],
         [ 0.0000,  0.0000,  0.0000,  0.0000],
         [ 0.0000,  0.0000,  0.0000,  0.0000]],

        ...,

        [[ 0.0000,  0.0000,  0.0000,  0.0000],
         [ 0.0000,  0.0000,  0.0000,  0.0000],
         [ 0.0000,  0.0000,  0.0000,  0.0000],
         ...,
         [ 0.0000,  0.0000,  0.0000,  0.0000],
         [ 0.0000,  0.0000,  0.0000,  0.0000],
         [ 0.0000,  0.0000,  0.0000,  0.0000]],

        [[ 0.0000,  0.0000,  0.0000,  0.0000],
         [ 0.0000,  0.0000,  0.0000,  0.0000],
         [ 0.0000,  0.0000,  0.0000,  0.0000],
         ...,
         [ 0.0000,  0.0000,  0.0000,  0.0000],
         [ 0.0000,  0.0000,  0.0000,  0.0000],
         [ 0.0000,  0.0000,  0.0000,  0.0000]],

        [[ 0.0000,  0.0000,  0.0000,  0.0000],
         [ 0.0000,  0.0000,  0.0000,  0.0000],
         [ 0.0000,  0.0000,  0.0000,  0.0000],
         ...,
         [ 0.0000,  0.0000,  0.0000,  0.0000],
         [ 0.0000,  0.0000,  0.0000,  0.0000],
         [ 0.0000,  0.0000,  0.0000,  0.0000]]], device='cuda:0')
